76.00
1.88
12.00
1.00
8.78
3.78
-1.67
0.75
7.50
12.00
5.00
-7.00
6.00
1.00
14.00
24.00
-13.40
1.00
-6.00
83.00
81.00
8.00
-2.00
-5.57
78.00
9.00
4.67
8.00
8.00
18.00
4.50
-5.86
3.00
11.50
5.00
0.29
8.00
11.00
65.00
-1.11
29.00
-1.00
75.00
1.80
8.00
7.00
64.00
12.00
-9.00
15.00
8.33
-7.00
-2.00
7.83
5.00
76.00
2.00
5.00
73.00
63.00
-4.50
76.00
-4.00
12.00
0.33
9.00
14.00
21.00
6.00
9.33
11.00
2.00
8.00
34.00
36.00
8.00
4.00
10.00
16.00
4.00
4.25
1.00
67.00
3.75
16.78
23.00
17.00
-3.00
-1.00
0.29
17.00
1.00
-1.00
24.00
11.67
3.00
0.25
63.00
0.60
-3.00
5.00
8.00
-22.00
-0.43
76.00
75.00
-1.00
5.00
3.00
5.00
13.00
-1.00
5.00
10.00
10.00
0.17
1.00
3.00
6.00
12.00
2.33
7.00
78.00
24.00
1.88
0.04
8.50
0.22
5.00
80.00
2.00
-3.00
2.00
9.00
0.00
4.00
6.00
7.00
9.00
78.00
0.00
4.00
-2.00
5.00
2.00
2.33
-8.00
-1.00
2.22
12.00
3.00
-1.00
-2.00
0.43
0.57
5.00
7.38
15.00
81.00
11.00
0.28
68.00
12.00
2.00
7.00
2.00
81.00
15.00
68.00
76.00
73.00
7.00
9.00
15.00
72.00
9.00
71.00
5.00
3.50
-8.13
2.00
3.13
0.00
3.50
5.00
2.00
0.00
78.00
2.00
7.00
-1.00
10.00
-11.88
3.00
1.00
3.00
4.75
8.00
10.00
10.00
12.00
0.40
72.00
9.78
1.00
6.00
10.00
16.00
67.00
10.00
6.00
10.00
65.00
0.22
2.00
-6.00
-4.00
3.57
8.00
3.75
72.00
1.00
80.00
16.00
-12.00
12.00
8.00
11.00
14.00
7.00
69.00
7.00
5.00
6.00
0.33
2.00
-16.00
-3.00
-7.00
1.00
-5.71
4.00
14.00
1.13
0.86
1.83
1.00
0.25
19.00
8.00
2.67
1.00
-2.00
14.00
-2.00
0.13
-3.88
9.00
-1.29
7.00
6.00
8.00
0.00
7.00
3.00
-1.00
41.00
0.40
1.00
18.00
18.00
-1.00
14.40
6.33
10.29
16.00
-6.00
0.33
0.00
-5.00
3.00
4.00
7.33
1.00
7.00
81.00
70.00
-66.00
3.00
5.60
1.14
78.00
5.00
6.00
65.00
6.00
1.33
16.00
0.88
7.00
-1.50
3.00
5.00
11.00
77.00
79.00
71.00
23.00
15.00
80.00
19.00
0.17
-4.67
68.00
9.00
0.00
9.00
15.00
64.00
0.50
17.00
-9.00
1.00
8.50
12.00
9.04
-28.00
0.33
7.00
0.14
0.25
-8.00
10.00
64.00
15.00
1.00
1.00
8.04
6.00
-6.00
10.00
8.00
71.00
-7.97
7.83
66.00
71.67
-2.00
60.00
24.00
63.00
0.50
1.00
8.00
6.00
71.67
9.00
-7.11
77.00
-7.50
1.00
24.00
2.00
5.00
5.00
-8.00
7.00
10.00
2.00
8.00
9.00
-0.89
2.00
1.50
1.00
3.00
24.00
69.00
69.00
5.00
1.00
3.17
81.00
10.00
5.00
7.00
-4.00
0.80
3.00
67.00
5.75
0.25
3.00
12.00
0.00
3.00
-3.83
9.50
-2.00
75.00
0.09
18.00
-7.13
8.00
-0.38
0.53
4.00
7.43
1.00
5.00
8.00
67.00
5.00
-3.00
-6.00
13.00
0.86
70.00
0.10
8.00
6.00
2.67
3.00
4.50
-5.00
-3.25
8.00
2.13
1.00
1.13
0.56
24.00
-4.50
-1.30
0.00
8.00
-6.00
8.00
5.00
4.88
66.00
8.00
-7.00
13.00
19.00
4.56
-1.00
63.00
14.00
14.00
15.00
6.00
-8.70
72.00
16.00
7.00
8.00
1.00
6.71
5.00
-3.00
14.40
4.00
9.00
-7.00
2.00
13.00
1.00
75.00
0.25
20.00
70.00
8.00
-1.00
3.00
12.00
79.00
0.33
10.29
7.00
6.50
9.89
3.75
0.57
5.00
4.00
12.00
-1.00
0.88
8.00
6.00
2.00
-3.00
12.00
-3.00
1.00
68.00
0.44
3.00
0.60
14.40
3.67
65.00
7.00
70.00
6.00
8.40
9.67
64.00
15.00
0.11
2.25
3.00
-4.00
6.50
0.14
12.00
9.50
71.00
12.00
9.00
9.25
1.33
9.00
75.00
5.00
3.00
10.00
5.00
14.00
-1.00
9.00
0.00
1.40
2.00
9.40
0.38
13.00
64.00
0.82
-1.67
4.00
6.00
9.00
0.18
8.00
3.00
1.00
-5.00
1.00
0.50
0.17
6.20
20.00
3.00
9.00
5.33
24.00
11.67
23.00
77.00
1.60
0.63
2.67
6.29
9.00
80.00
1.00
0.88
77.00
2.00
3.50
-4.00
0.78
67.00
0.50
78.00
-9.25
2.00
-5.40
10.29
29.00
-1.00
-1.00
15.00
2.00
6.00
13.00
12.00
4.00
12.00
7.00
69.00
1.29
1.33
9.00
5.80
9.50
0.00
67.00
15.00
9.78
0.71
69.00
2.00
10.00
7.00
6.00
59.00
18.00
12.00
-6.50
69.00
1.00
6.00
1.33
65.00
4.00
-2.00
0.00
-5.00
8.50
18.00
75.00
9.00
8.00
0.38
73.00
7.00
36.00
10.00
15.00
-6.00
7.67
7.13
71.00
-4.00
3.00
4.22
5.75
8.00
1.00
1.00
-6.00
0.06
15.00
1.00
2.00
9.00
1.00
2.50
4.00
66.00
2.00
74.00
7.50
87.00
15.00
79.00
65.00
1.00
22.00
81.00
1.50
-5.00
0.10
5.67
9.00
6.00
-1.00
1.00
4.00
5.00
0.29
0.50
-4.00
2.00
3.00
7.75
3.17
0.06
0.33
5.00
65.00
5.00
3.00
9.00
4.00
5.13
22.00
2.40
18.00
17.00
69.00
8.78
-4.75
1.00
8.00
13.00
0.50
4.50
0.02
5.00
1.33
63.00
0.67
-14.00
0.00
0.33
11.00
13.00
66.00
6.00
8.00
33.00
72.00
1.80
6.00
5.00
74.00
3.00
1.80
2.00
0.88
60.00
-9.00
76.00
17.00
-4.00
64.00
-1.00
67.00
-3.17
1.88
7.00
1.00
-3.00
0.14
2.71
1.00
64.00
0.38
0.25
4.00
-2.00
6.00
78.00
12.00
8.00
0.50
14.00
18.00
72.20
6.00
5.00
12.00
0.89
0.40
8.00
8.00
74.33
1.00
66.00
8.75
-0.89
7.00
81.00
5.00
2.00
36.00
64.00
20.00
1.20
6.00
12.00
81.00
80.00
12.00
-1.75
69.00
9.00
0.27
14.40
9.00
21.00
7.00
-4.00
11.00
3.00
3.00
7.00
2.00
11.00
6.00
11.00
13.88
9.00
0.29
0.00
67.00
0.63
1.00
-5.00
80.00
0.78
0.00
4.20
-6.00
4.00
3.38
-7.22
10.00
4.03
81.00
11.00
9.20
6.00
1.00
0.00
3.00
63.00
5.00
8.00
7.00
3.00
8.00
6.00
-4.86
0.50
9.00
6.00
5.29
12.00
2.17
5.00
2.00
69.00
-2.00
-4.00
0.25
1.00
-2.00
1.00
1.50
1.60
18.00
75.00
3.00
9.00
63.00
18.00
1.00
7.00
12.00
-2.22
1.47
14.00
2.00
2.00
72.00
85.00
-7.25
16.00
-2.00
-12.00
0.07
0.75
9.20
-6.77
14.00
1.00
4.00
67.00
24.00
7.00
9.00
15.00
0.03
73.80
0.56
4.00
63.00
24.00
74.00
74.00
-0.50
3.67
4.00
1.00
0.00
74.00
16.00
1.00
0.04
1.00
19.00
12.00
14.80
78.00
5.50
11.00
3.60
0.86
15.00
2.00
3.83
15.00
5.00
6.00
-11.40
8.00
78.00
1.00
1.33
73.00
2.50
-3.00
16.75
-3.00
12.00
7.00
7.00
78.00
-71.00
6.00
-2.00
4.50
-7.20
31.00
3.29
74.25
-1.58
21.00
75.00
4.00
-3.00
63.00
9.50
-3.00
14.00
71.14
-1.00
15.86
-7.00
1.00
14.00
10.29
8.00
4.00
13.00
1.00
3.00
72.00
10.00
0.50
-4.50
80.00
-5.00
78.00
9.00
6.25
1.00
3.00
-3.00
5.00
70.00
5.00
6.00
8.00
-6.00
2.00
6.00
9.00
2.00
-0.87
-2.00
3.00
9.33
10.40
0.13
0.71
74.00
6.67
78.00
10.00
64.00
3.33
5.00
-5.71
26.00
1.80
12.00
1.17
8.00
-6.00
-6.00
8.50
-1.00
0.11
1.00
2.00
9.14
6.00
5.00
7.00
0.89
1.40
81.00
5.00
7.00
4.00
-1.00
6.00
1.23
-3.00
0.00
20.00
0.00
3.50
67.00
-3.00
13.00
1.00
8.00
0.00
3.00
17.00
17.00
6.00
0.43
0.17
5.00
-9.00
58.00
-8.00
0.80
3.00
10.00
79.00
74.00
6.00
1.00
-4.00
9.00
-0.83
4.83
0.50
68.00
2.33
0.00
1.50
10.00
5.00
36.00
0.89
1.00
0.47
12.75
8.00
2.38
-6.00
0.14
0.03
0.00
-4.60
1.00
66.00
0.33
-6.00
0.29
4.00
0.40
12.00
10.29
-4.00
10.00
21.00
8.00
74.00
15.40
3.67
16.00
6.00
2.00
0.20
13.00
0.13
28.00
7.00
66.00
20.00
16.00
78.00
3.00
5.00
-1.00
2.00
5.00
10.29
3.00
1.00
1.00
18.00
-4.00
10.00
-1.00
74.00
2.00
0.00
67.00
-7.00
18.00
71.00
16.00
1.13
4.13
1.00
1.00
7.00
-7.00
65.00
0.75
1.00
3.00
-7.00
2.25
0.20
-2.83
14.40
9.00
71.00
-6.00
0.17
2.50
5.00
6.38
0.22
-1.00
14.00
-4.00
4.40
8.00
-7.00
4.00
69.00
65.00
1.00
2.00
1.14
5.00
0.01
5.00
8.00
6.00
6.00
9.88
4.75
13.00
66.00
11.00
0.60
13.00
8.00
5.14
-8.75
18.00
3.83
9.00
1.00
2.00
8.00
3.60
3.00
67.00
8.57
3.50
79.00
67.00
1.80
1.67
1.00
9.00
11.00
45.00
-11.00
0.17
4.00
64.00
2.00
0.25
2.67
0.88
-4.33
7.00
-4.00
73.00
-1.00
4.00
8.00
-4.00
3.00
-5.00
9.00
1.25
70.00
3.00
0.88
81.00
0.56
16.00
4.00
13.00
0.67
11.00
0.67
73.00
3.00
81.00
9.00
-3.00
11.00
71.00
1.60
8.11
8.00
-10.00
14.40
6.00
1.00
64.00
3.00
8.00
7.00
2.00
-4.00
11.00
0.86
71.11
4.00
14.00
1.00
1.00
7.00
1.00
8.63
8.00
0.67
70.00
-12.00
0.63
-3.00
-5.57
7.00
12.00
8.00
2.00
12.00
10.29
0.67
78.00
-11.00
6.00
8.00
4.01
0.13
4.00
15.00
4.00
5.00
-3.00
66.00
1.00
2.00
76.00
0.67
7.00
2.00
7.00
-3.00
4.00
7.00
77.00
4.00
7.00
9.00
10.00
10.00
6.38
18.00
3.00
4.00
-5.00
-7.00
11.00
-6.60
21.00
77.00
2.00
1.00
19.00
8.00
9.00
1.00
5.00
68.00
3.00
6.00
-5.00
80.00
-3.00
1.00
-7.00
-6.50
9.71
2.00
68.00
36.00
4.00
12.00
0.86
17.00
-2.00
12.83
2.50
3.00
-5.00
2.00
1.00
-4.00
-6.50
13.00
6.00
0.01
3.00
-2.00
76.00
0.13
14.00
80.00
13.00
10.00
1.17
1.00
-3.00
11.00
0.50
3.00
4.00
65.00
6.71
76.00
24.00
6.00
6.29
7.00
3.50
9.43
8.00
0.33
7.00
39.00
73.00
7.13
8.00
5.00
1.14
2.00
5.00
24.00
12.00
0.29
11.00
12.00
13.00
-1.00
0.60
7.17
7.60
-14.00
65.00
7.50
8.67
-9.00
2.78
1.00
70.00
0.14
2.00
5.33
6.00
14.00
4.00
3.44
-1.00
-3.56
7.00
1.14
78.00
8.00
8.00
1.60
3.00
12.00
15.00
8.00
5.00
-4.86
1.00
1.00
-4.00
19.00
8.00
11.00
3.00
60.00
7.60
-7.67
75.00
1.00
0.11
-0.17
0.50
14.00
8.88
6.50
17.00
63.00
10.00
-3.00
66.00
16.50
-1.00
6.00
74.00
14.00
8.00
-1.75
0.00
-11.00
-3.00
-12.00
36.00
18.00
12.00
65.00
10.00
74.00
29.00
9.00
8.00
7.00
-0.50
14.00
6.67
79.00
24.00
-4.38
7.00
1.20
8.00
8.71
-9.00
4.80
2.67
0.08
74.00
0.29
8.00
7.29
0.00
2.00
12.00
1.00
8.78
4.00
1.00
12.00
0.22
14.40
-2.00
80.00
1.40
6.50
-2.00
-1.00
0.29
9.00
76.00
-6.50
1.00
0.67
1.00
0.00
4.00
9.00
20.00
17.00
1.33
3.00
76.00
13.00
-1.00
8.56
0.56
7.00
2.67
14.00
1.75
-6.80
0.00
6.00
9.00
72.00
0.71
6.00
8.00
64.00
74.00
25.00
0.50
3.00
0.60
8.00
-1.20
66.00
8.00
7.00
68.00
9.00
-6.00
10.00
5.00
-1.00
4.00
7.13
-0.17
8.00
18.00
8.00
2.14
13.00
6.00
74.00
80.00
2.50
1.07
0.07
9.00
9.00
5.00
6.00
7.00
79.00
6.00
71.00
14.00
2.00
1.00
0.36
8.89
-3.00
6.50
-4.25
-3.00
8.25
0.43
0.00
-4.00
3.00
9.00
3.50
26.00
0.00
-2.00
-1.00
11.00
5.00
-8.00
74.00
3.00
6.17
-6.00
2.00
9.00
2.00
1.00
76.00
5.67
-1.00
2.00
10.60
12.00
65.00
6.00
0.89
8.00
20.00
20.00
6.00
5.13
8.00
8.14
3.00
3.00
16.00
8.00
-2.75
16.00
-7.83
69.00
4.50
1.29
14.40
2.33
-6.00
18.00
80.00
1.75
15.00
7.00
83.00
8.00
2.00
14.00
7.00
13.00
0.20
14.00
1.00
-2.00
2.00
61.00
64.00
9.00
18.00
69.00
36.00
-2.00
9.00
9.08
1.40
66.00
1.50
2.00
2.00
-10.00
0.88
2.00
0.11
64.00
72.29
0.43
5.00
6.86
8.00
0.78
-3.00
8.00
1.00
2.00
5.00
10.25
76.00
1.78
1.25
-7.00
-5.00
-2.00
35.00
0.29
1.00
9.00
69.00
13.00
16.50
9.00
8.00
3.00
2.00
0.13
2.00
17.00
7.00
6.00
1.00
70.00
3.80
-1.00
-2.00
70.00
9.00
0.00
-1.50
6.00
6.00
-2.75
69.00
-6.40
2.17
1.25
8.00
5.00
25.00
5.00
3.00
2.67
3.33
5.00
4.25
-3.00
9.00
6.00
1.22
12.00
-0.38
-8.20
4.00
0.00
4.00
73.25
86.00
-2.00
3.00
9.00
0.33
0.67
79.00
-12.00
0.98
5.00
2.00
-4.00
2.00
12.00
6.50
1.33
-9.00
4.93
10.33
15.00
4.50
78.00
8.29
0.86
22.00
-2.00
9.00
1.00
1.00
78.00
4.33
81.00
-1.00
6.00
2.00
-3.29
-1.00
1.00
12.60
15.00
5.00
11.00
5.00
1.80
73.00
7.00
10.00
1.00
4.50
7.00
5.22
4.00
10.50
0.17
1.00
6.00
4.00
4.50
0.88
1.29
67.00
19.00
64.00
-1.00
6.00
11.71
-0.38
80.00
5.00
2.33
4.75
72.00
8.00
0.60
8.00
3.00
3.00
15.00
63.00
10.00
3.50
2.00
67.00
-0.10
3.00
3.00
2.00
-11.80
2.25
1.00
13.00
-1.33
24.00
1.33
6.00
5.00
15.00
4.75
14.00
24.00
10.00
72.00
3.00
15.22
4.25
10.33
10.00
-7.67
4.65
1.00
6.00
-16.00
0.17
11.00
-2.50
79.00
64.00
8.00
1.56
3.00
-3.00
4.00
5.25
4.00
0.78
0.00
8.00
0.14
80.00
-3.00
9.00
1.33
4.25
-3.00
-9.00
81.00
1.67
-1.00
9.00
-1.00
3.00
13.00
-1.17
1.67
9.00
6.00
5.00
-1.00
4.50
9.00
0.71
1.00
-2.00
4.04
0.88
7.00
-1.00
2.00
15.00
6.00
3.00
7.00
3.00
4.25
9.00
1.00
3.00
80.00
78.00
-7.00
0.50
-4.00
12.00
-68.00
0.40
8.00
78.00
-4.00
3.00
19.29
1.00
-7.60
-1.00
18.00
3.56
-7.94
-6.20
9.00
2.00
5.50
10.00
10.00
-7.25
5.33
18.00
1.00
0.00
9.50
8.00
1.00
9.00
9.50
1.00
3.67
1.00
5.00
0.63
8.00
4.00
9.40
3.00
6.00
3.00
9.00
5.00
8.00
1.00
13.14
86.00
5.00
1.00
-1.00
9.00
12.00
7.00
17.00
1.60
5.00
-1.00
8.00
14.40
0.25
67.00
1.00
13.00
-5.17
4.50
2.00
10.00
7.00
8.00
2.67
11.00
3.00
4.00
7.86
6.50
7.00
66.00
6.00
7.00
70.00
1.00
4.50
-6.00
2.00
5.00
1.00
3.00
75.50
12.00
10.00
-3.00
9.00
3.00
-8.00
2.67
65.00
75.00
-2.00
8.50
0.08
1.44
0.00
77.00
12.00
8.00
18.00
6.00
5.00
0.40
7.00
-1.00
-7.83
1.33
11.00
67.00
7.00
-2.71
-4.25
-17.00
0.00
-7.40
2.00
1.80
6.00
-0.33
7.00
1.14
-4.00
12.00
18.00
-3.00
0.00
4.00
3.00
1.25
0.75
4.00
8.00
11.00
2.00
14.00
6.00
76.00
12.00
1.00
0.63
8.00
1.00
7.00
2.50
0.14
1.00
4.00
5.00
74.00
0.67
-7.00
0.67
81.00
9.00
9.00
-5.00
0.63
7.00
5.00
13.00
2.00
16.00
1.00
4.00
15.00
4.00
3.00
15.00
5.89
69.00
8.00
6.00
1.00
81.00
-6.50
6.00
3.00
75.00
1.33
71.50
2.00
14.40
14.00
9.00
-3.00
1.00
7.75
6.17
11.00
-7.00
12.00
72.00
-1.00
7.00
24.00
-3.00
-6.00
-3.00
1.00
-2.00
0.00
11.00
10.25
0.29
2.33
5.91
-5.00
78.00
80.00
1.00
5.00
9.63
5.67
7.00
6.00
10.00
81.00
7.14
11.00
0.00
0.10
11.00
78.00
71.67
-1.00
4.00
3.14
7.22
2.11
0.20
9.00
8.00
5.00
73.00
6.00
4.50
75.00
-5.00
13.00
1.00
-3.00
16.00
6.00
9.00
22.00
-12.00
74.50
-3.00
8.00
70.50
74.00
2.00
11.00
5.00
66.00
6.00
8.00
4.86
-15.50
0.71
-1.83
9.50
-2.29
64.00
4.00
-5.50
0.78
0.00
16.00
11.00
0.88
17.00
2.00
9.00
4.00
0.50
2.00
77.00
0.57
15.00
10.00
8.00
0.33
4.00
7.00
7.00
10.00
2.38
-6.00
14.40
0.08
0.06
4.43
0.88
6.00
-8.75
-2.00
-2.00
0.25
14.00
-3.00
0.02
69.00
-11.00
69.00
0.50
6.29
5.00
3.00
1.00
0.00
7.00
1.00
1.50
71.38
0.57
73.80
5.00
4.60
4.00
11.17
6.00
72.50
-5.00
1.00
5.33
5.67
-8.00
2.89
4.71
9.75
11.00
1.00
6.00
1.60
0.32
0.63
1.75
0.15
3.00
1.86
9.00
9.00
1.00
67.00
67.00
6.00
-4.00
8.00
6.00
1.00
18.00
4.00
1.25
68.00
2.00
1.00
77.00
63.00
0.00
-5.00
72.00
14.00
-2.50
2.00
19.00
10.00
1.00
-1.00
-0.22
3.50
24.00
72.00
6.00
7.00
4.00
1.00
0.44
1.00
9.00
17.00
-0.17
73.00
78.00
-6.00
7.40
73.00
4.00
0.22
5.00
-3.00
10.00
70.00
65.00
1.00
-4.00
0.00
-7.00
1.00
17.00
0.33
-1.00
-2.00
8.00
74.00
1.00
1.50
0.83
4.00
0.04
-6.00
1.00
0.12
2.00
68.00
-11.00
5.00
9.00
1.44
1.57
-6.00
7.14
10.00
9.00
11.00
0.60
10.00
6.00
12.00
11.00
-3.00
0.08
36.00
0.43
9.00
12.00
65.00
-4.75
0.23
7.50
66.00
-6.67
5.00
4.00
66.00
1.00
76.00
6.00
9.00
14.00
11.50
14.00
-21.00
1.50
15.00
-5.50
-5.57
7.00
1.75
-1.00
0.00
-7.00
9.22
1.20
70.00
0.71
-2.00
8.14
1.00
14.00
5.00
7.00
1.11
7.00
10.00
-7.50
2.00
6.00
7.00
0.38
5.00
2.00
9.00
75.00
-17.13
7.00
9.00
7.00
24.00
1.00
3.00
12.00
0.00
3.83
0.00
1.00
13.00
4.00
2.00
65.00
6.25
3.00
16.00
3.00
-8.67
6.90
73.50
-2.20
-4.00
1.00
71.00
7.89
15.25
36.00
8.00
0.43
-13.40
5.00
1.00
0.00
11.29
11.00
61.00
64.00
-1.57
69.00
36.00
6.00
1.75
3.88
0.78
7.21
-8.00
5.00
13.00
19.00
5.00
64.00
0.22
4.00
11.00
18.00
14.00
1.40
83.00
6.00
-0.75
1.00
75.00
14.00
0.73
1.00
65.00
-0.33
12.00
-12.67
8.00
-1.00
14.00
29.00
1.00
14.00
12.00
6.00
14.00
-5.50
6.00
36.00
0.60
0.79
-5.67
16.00
80.00
1.00
74.00
2.00
8.00
5.17
4.83
7.00
4.04
1.00
1.25
8.00
1.00
8.00
3.75
-0.50
66.00
7.00
1.40
-2.00
-4.00
12.00
4.00
9.75
24.00
63.00
14.00
-5.00
1.00
0.04
4.00
0.38
71.00
6.00
-8.00
0.00
0.17
-2.00
77.00
65.00
20.00
77.00
1.75
3.00
-13.00
-3.00
17.14
11.25
78.00
13.00
0.09
78.00
-6.00
10.33
5.00
7.00
1.00
9.00
9.00
8.44
18.00
6.00
-9.00
1.00
9.00
11.00
24.00
12.00
18.00
71.00
11.00
-8.00
-0.11
1.33
8.50
10.00
14.00
26.00
7.00
-5.00
3.00
-2.75
-1.67
80.00
13.00
10.00
1.00
2.14
5.00
9.00
14.00
12.00
0.00
10.00
-6.29
8.00
8.00
68.00
9.33
3.00
2.63
0.36
14.00
66.00
8.00
14.38
8.00
77.00
0.83
18.00
3.78
71.00
64.00
1.00
1.14
14.00
73.00
3.09
-6.83
0.19
7.80
-10.00
1.00
20.00
7.00
3.00
9.86
7.00
14.00
7.29
17.00
11.00
0.07
79.00
9.29
1.14
72.00
12.00
64.00
6.00
0.57
3.00
2.00
1.00
12.75
20.00
5.00
-4.33
-5.00
0.25
3.67
3.63
-13.00
69.00
68.00
67.00
71.00
1.00
63.00
7.00
-4.00
7.00
-3.78
10.00
-5.93
75.00
21.00
0.07
10.00
21.00
1.00
76.00
5.00
6.00
71.67
3.00
63.00
0.16
5.00
3.00
2.00
-3.00
63.00
4.00
-3.00
8.00
5.00
-1.00
1.29
5.08
2.00
5.00
1.20
5.00
9.00
1.88
6.00
4.00
-7.00
80.00
4.00
-5.00
8.00
85.00
-2.00
2.25
-5.00
4.00
3.43
33.00
1.00
-2.00
72.20
15.00
8.00
70.00
1.00
5.00
7.00
7.00
76.00
-3.00
0.78
1.60
1.14
5.00
78.00
1.22
73.33
-9.00
14.00
0.00
0.78
5.00
2.50
1.00
3.00
1.25
1.50
16.00
6.00
4.29
80.00
-1.00
0.33
-6.00
10.00
2.00
11.00
2.67
4.00
-3.83
-4.00
80.00
-8.00
-2.00
-1.00
66.00
-18.00
67.00
6.00
85.00
5.00
9.00
0.15
-4.00
1.00
8.00
12.00
71.00
14.50
16.00
5.00
17.00
0.00
14.40
9.67
4.00
5.00
1.00
10.00
0.11
-1.00
6.00
-3.00
0.22
22.00
-6.00
12.00
3.00
9.00
-8.00
2.00
8.00
67.00
6.00
8.00
1.75
36.00
8.00
12.75
-0.22
3.00
2.00
-3.00
10.00
-1.00
69.00
2.00
9.00
-11.00
66.00
36.00
68.00
2.00
12.00
13.00
-7.00
9.00
-6.00
2.00
3.00
4.00
21.00
17.00
0.26
-5.00
0.80
5.00
14.00
6.00
6.00
7.00
2.00
3.00
13.00
3.00
8.00
0.33
3.00
16.00
5.00
9.00
-1.00
74.00
0.86
3.00
1.00
1.60
12.00
9.00
-17.00
12.40
0.00
63.00
0.17
-8.00
68.00
-4.00
70.00
7.80
2.00
0.14
-7.00
67.00
-5.13
12.00
5.00
13.00
66.00
-1.00
14.40
6.00
18.00
5.00
3.00
0.03
13.00
0.29
1.75
-3.00
1.50
1.80
15.00
4.67
65.00
-6.00
12.00
17.00
7.86
7.44
10.00
73.00
71.00
11.00
74.00
1.00
15.00
0.83
2.33
8.40
73.67
76.00
-1.00
-6.00
-7.00
1.60
0.00
3.00
81.00
13.00
2.00
10.00
1.00
18.00
2.50
14.00
-1.00
9.00
4.00
10.29
14.40
81.00
5.00
9.00
12.00
0.03
-4.63
77.00
0.40
0.25
-1.00
-4.00
6.00
-3.00
-2.00
-5.00
1.50
6.00
74.25
-8.00
8.00
-6.75
76.00
4.33
80.00
3.00
10.29
14.00
3.00
1.00
7.00
67.00
5.25
1.00
70.00
67.00
9.67
-1.98
66.00
4.00
-1.00
67.00
16.25
17.00
4.67
84.00
1.00
9.21
-10.00
13.67
8.67
75.00
3.00
-5.00
2.00
-0.71
2.50
4.00
0.14
76.00
-1.00
4.50
78.00
1.25
7.00
6.00
5.33
1.40
10.00
18.00
6.00
12.00
1.00
5.00
0.50
14.00
72.20
6.29
4.22
9.00
1.00
7.00
12.00
11.00
2.00
65.00
3.00
68.00
1.00
13.00
-3.00
11.00
14.00
2.00
1.13
76.00
7.00
10.00
-11.75
9.00
-0.18
11.00
14.00
-5.00
-2.00
4.00
-9.00
0.00
0.63
2.25
-2.00
8.00
64.00
5.00
69.00
6.00
36.00
8.00
2.00
9.00
67.00
5.00
0.67
3.00
0.25
7.00
-3.00
-3.25
0.33
-5.00
2.86
1.56
1.40
1.00
1.33
11.00
14.00
74.00
11.00
-2.00
-7.00
-4.00
9.00
0.00
2.00
2.00
0.89
3.00
9.00
16.00
12.00
0.67
0.22
8.78
5.00
-4.00
9.00
-3.00
36.00
19.00
6.00
11.00
18.00
18.00
7.83
75.00
-2.00
64.00
1.00
-2.88
10.00
6.00
5.00
6.80
2.00
0.44
-0.44
15.00
12.00
-5.00
7.89
74.00
10.00
63.00
68.00
77.00
4.17
79.00
18.00
11.00
3.20
6.00
-12.00
2.67
78.00
12.00
1.00
-5.00
13.00
2.33
71.00
0.71
12.00
6.00
3.00
-4.00
2.00
20.00
-63.00
0.43
14.00
70.00
9.00
2.00
3.00
77.00
2.00
10.00
3.00
12.00
0.01
1.00
7.75
17.00
-4.00
11.00
3.00
5.00
7.00
0.25
-4.11
0.88
12.00
-7.00
4.00
0.00
7.50
7.00
5.50
6.00
1.00
12.00
24.00
78.00
1.33
13.00
76.00
-4.00
0.44
-2.00
67.00
71.00
0.07
13.00
21.00
14.40
-3.94
-3.00
7.33
-5.00
9.00
9.00
2.00
0.00
8.67
2.67
0.06
4.50
1.00
-2.00
2.00
1.67
1.00
14.88
-3.67
5.00
1.11
78.00
1.00
10.00
0.00
2.67
-4.00
10.29
77.00
4.00
23.00
5.00
5.00
7.00
2.00
36.00
7.00
-12.00
6.00
-0.71
80.00
4.50
18.00
14.00
2.40
-11.00
2.00
68.00
71.00
7.86
0.40
8.00
23.00
-1.00
10.29
5.00
68.00
77.00
5.00
7.00
0.67
63.00
7.00
-10.38
-6.00
80.00
-63.00
14.00
-4.00
80.00
68.00
79.00
-22.00
0.75
12.00
73.00
5.00
-5.00
17.00
0.06
74.00
3.00
4.00
4.00
1.33
1.40
-5.00
0.13
3.00
1.00
16.00
-7.11
13.00
5.00
12.00
3.00
1.60
10.29
5.40
86.00
18.00
66.00
-6.00
8.00
76.00
-0.50
77.00
4.00
9.39
1.00
1.60
11.00
0.88
4.00
10.00
76.00
1.20
1.75
8.00
16.00
11.00
3.50
1.00
0.67
12.00
67.00
-1.00
10.00
-2.00
4.00
-8.00
1.50
1.80
10.00
12.00
0.86
0.60
11.00
11.00
-1.00
65.00
17.00
-2.00
-1.80
0.71
77.00
0.00
-5.38
-11.00
12.00
-7.00
7.00
0.80
-5.00
83.00
1.14
7.00
76.00
4.00
1.00
2.00
0.56
12.00
8.00
13.00
68.00
0.00
7.00
5.38
8.00
-3.50
4.00
17.00
79.00
5.00
-3.00
75.00
1.00
63.00
4.00
7.00
0.63
1.25
12.00
-2.00
72.00
11.00
3.00
20.00
-2.00
6.00
11.00
4.00
-1.25
-0.78
1.17
2.29
14.40
2.00
1.00
7.00
80.00
-3.75
8.00
11.00
16.00
68.00
6.00
80.00
71.00
5.00
3.00
4.00
6.00
16.00
2.00
3.29
77.00
-3.40
77.00
0.50
5.00
10.29
8.00
17.00
14.40
9.00
6.18
-2.00
-6.00
13.00
0.25
7.00
-3.00
1.00
0.00
1.50
4.50
5.00
0.50
-5.33
12.00
2.00
9.44
0.00
3.00
7.00
-0.14
-9.00
63.00
5.00
11.00
6.17
3.00
72.00
14.00
14.40
2.50
7.00
13.00
1.75
-9.00
10.00
4.80
1.00
2.00
0.00
70.00
1.50
19.00
63.00
-4.00
9.00
5.33
63.00
8.80
-3.00
-5.63
4.00
5.00
80.00
10.00
2.00
2.00
3.00
9.00
1.00
11.00
0.04
4.00
63.00
-4.50
0.20
2.00
3.00
7.00
12.00
5.00
26.00
3.00
0.67
15.00
2.00
0.29
-1.22
68.00
12.00
-5.00
10.00
0.22
74.00
-3.40
11.00
0.11
10.00
0.43
69.00
0.33
68.00
3.89
3.00
2.00
0.00
-8.50
0.00
6.25
1.00
-6.00
6.00
6.00
9.00
0.50
12.00
-2.00
-1.00
81.00
9.13
6.00
69.00
11.33
75.00
6.50
3.00
0.43
2.04
69.00
3.50
0.00
8.40
6.00
9.00
5.44
0.00
0.43
10.00
4.67
5.00
7.00
67.00
6.00
-2.00
6.00
-3.00
8.00
5.00
5.00
-9.00
61.00
1.00
5.56
71.33
4.00
9.00
1.50
2.00
8.00
1.60
11.40
-6.00
71.00
5.00
83.00
-1.00
8.33
5.00
9.00
72.00
8.00
16.00
8.00
8.00
1.20
1.00
7.00
-0.50
12.00
0.00
5.00
10.00
0.58
3.00
0.00
9.00
72.00
0.50
-8.00
0.00
72.00
5.00
3.50
75.00
42.00
18.00
5.00
14.00
4.00
63.00
4.00
0.11
2.17
66.00
-4.00
4.00
5.00
5.00
13.00
1.33
-6.00
-1.00
5.00
81.00
-5.00
2.25
9.00
4.00
-5.00
2.00
70.00
10.00
1.00
4.00
9.00
3.88
73.00
7.00
0.38
2.00
0.67
67.00
3.67
-5.25
8.00
3.00
-4.00
12.00
1.60
8.00
10.29
24.00
4.75
72.00
0.50
2.00
0.03
2.00
76.00
-4.29
9.00
24.00
0.89
3.00
18.00
2.06
2.00
0.29
78.00
3.00
5.00
9.00
-5.00
15.22
9.67
17.00
-3.00
81.00
6.00
0.50
8.13
9.00
0.75
6.00
1.29
14.00
73.00
2.00
78.00
0.40
0.11
14.00
70.00
7.00
77.00
80.00
81.00
-6.67
-7.00
4.00
4.00
14.40
11.00
9.00
69.00
0.50
5.00
0.29
73.00
-2.00
4.00
-4.00
5.60
7.00
6.00
12.00
11.00
4.00
5.00
26.00
5.00
-7.00
0.14
6.00
-7.00
5.00
6.22
2.00
9.00
2.00
1.17
7.00
7.00
0.17
10.00
-2.00
67.00
2.33
-7.00
77.00
-8.00
5.00
8.00
12.00
1.00
6.50
7.00
-7.00
0.33
7.00
4.00
1.00
16.00
9.00
-0.67
9.00
1.00
1.00
13.00
0.50
-4.71
1.00
-2.00
2.50
3.00
-0.22
1.00
-2.89
10.00
67.00
-7.29
-3.00
0.15
0.50
0.44
59.00
11.00
10.40
-8.00
74.00
2.00
3.00
71.00
0.71
86.00
-4.00
65.00
23.00
9.00
7.25
-3.00
4.00
4.14
7.60
1.14
0.71
0.25
77.00
-0.88
0.00
15.00
17.00
7.00
9.00
64.00
11.43
-13.00
8.67
71.00
8.86
2.00
14.00
-1.00
0.60
10.00
5.00
9.00
6.00
10.00
-5.00
9.67
0.11
1.20
-3.00
3.00
3.06
4.00
0.00
10.00
-1.00
8.38
-4.00
1.00
9.00
13.75
14.00
5.00
2.00
3.00
4.00
0.71
18.00
-6.00
12.00
1.00
-1.00
10.00
-1.14
1.00
-5.00
4.50
7.00
-2.50
75.00
18.00
8.00
6.00
8.00
2.50
2.00
-6.00
3.00
63.00
-1.00
-7.00
-3.89
2.00
22.00
-5.00
-6.00
1.00
6.00
9.00
75.00
-6.00
1.00
15.00
16.00
15.00
1.75
2.00
74.00
0.80
1.00
1.00
13.00
73.00
7.00
36.00
5.00
80.00
64.00
0.22
69.00
5.00
-4.00
73.20
74.00
9.00
1.00
73.00
5.00
-2.00
-2.50
40.00
-2.00
-1.00
6.00
70.00
-1.00
78.00
9.00
0.00
4.00
11.00
1.00
0.00
-2.00
73.00
9.75
79.00
63.00
2.00
18.00
11.00
68.00
1.33
4.00
79.00
1.51
0.11
1.33
0.78
3.00
3.00
6.00
-1.00
0.83
13.00
-7.00
0.14
80.00
3.25
11.00
4.00
5.00
81.00
7.00
-3.00
7.95
6.00
-2.56
8.00
74.00
80.00
14.00
11.00
0.13
-1.00
80.00
9.00
10.00
6.00
3.00
7.75
5.00
-0.96
12.29
-6.00
-6.00
6.00
7.00
-1.00
6.67
4.00
4.00
16.14
12.38
-9.00
-2.00
0.56
70.00
8.00
0.28
8.00
2.00
79.00
6.22
0.00
3.00
-7.00
-2.78
-1.00
0.38
0.07
0.50
67.00
10.00
1.00
10.00
12.00
70.00
0.88
12.00
-5.00
76.00
9.00
7.00
8.00
-3.00
11.00
0.00
12.00
8.00
0.21
-1.00
-8.00
-7.00
11.00
-6.00
-1.22
-3.00
8.00
66.00
-16.00
14.00
-3.00
-3.00
0.75
0.00
2.00
81.00
11.00
-3.00
11.00
8.00
4.50
73.00
1.00
81.00
2.00
72.00
11.00
12.00
18.00
21.00
73.00
5.00
-3.00
-1.00
76.00
2.17
9.00
79.00
0.63
60.00
6.33
-1.00
4.00
5.00
69.00
1.14
66.00
5.00
8.00
6.00
73.00
-2.00
9.00
1.94
15.00
6.00
73.00
4.96
2.20
1.00
0.67
3.00
4.00
4.00
63.00
0.06
0.12
0.14
23.00
4.00
1.00
18.00
0.06
71.13
1.00
7.00
0.06
1.00
-4.00
2.00
5.33
-3.74
71.00
66.00
13.00
15.00
9.00
-1.00
9.00
-5.33
14.00
16.00
-10.00
12.00
1.00
76.00
6.00
0.00
74.00
10.00
0.60
11.00
-1.00
3.00
-8.57
-1.00
7.00
9.00
36.00
7.00
7.00
1.00
2.00
3.00
0.44
-1.00
1.00
-8.00
59.00
6.00
4.00
-8.80
-2.00
-3.00
4.00
7.00
-6.00
0.50
-1.86
3.33
0.13
2.00
-6.00
16.00
-2.00
0.50
43.00
2.25
3.00
65.00
2.00
8.00
7.33
10.00
63.00
5.00
9.00
17.00
3.67
-1.00
12.00
-9.00
4.67
18.00
9.20
11.00
2.00
-8.50
-7.71
74.00
8.00
1.00
6.00
0.67
2.50
1.80
71.00
21.00
4.17
12.00
9.00
14.00
8.00
67.00
5.50
8.00
4.00
4.29
9.56
7.00
8.00
0.17
-6.00
8.00
14.00
72.00
8.00
75.00
3.00
74.00
0.14
74.00
-1.00
15.00
9.00
2.00
-5.00
-1.50
2.00
0.57
3.50
0.00
5.67
6.25
-6.00
-9.00
81.00
3.50
8.00
16.00
65.00
16.00
7.00
1.00
74.00
-3.00
-4.00
13.00
3.00
5.00
10.00
9.00
74.00
-6.00
6.06
18.00
70.00
-2.00
8.67
14.40
1.33
3.00
0.03
71.00
5.00
-0.75
6.00
3.00
-12.00
-4.00
15.00
6.50
75.00
3.00
2.00
5.00
5.00
0.69
36.00
74.00
15.00
60.00
-1.33
2.50
0.17
8.00
7.00
3.20
11.00
1.50
10.00
7.00
-1.00
5.82
5.00
8.00
0.33
72.00
18.00
6.04
-1.67
-4.80
2.00
-5.00
4.00
-1.00
78.00
2.00
12.00
4.00
1.50
0.21
13.00
6.00
-6.38
1.00
75.00
18.00
72.00
19.00
2.67
3.00
0.00
0.00
-10.25
9.00
2.00
11.25
71.67
10.00
3.00
8.00
-5.60
-12.00
74.00
-7.00
13.00
66.00
4.50
7.00
8.00
9.00
69.00
-3.00
80.00
24.00
12.50
36.00
68.00
-7.00
70.00
-3.00
71.00
4.00
2.00
12.00
75.00
1.00
5.00
14.40
77.00
-10.00
6.33
5.00
2.00
9.00
72.29
13.00
1.00
19.00
4.00
1.00
2.00
13.00
7.00
0.00
-8.00
12.00
5.00
0.11
-0.29
13.00
6.00
18.00
8.80
9.17
2.73
3.00
8.11
2.00
6.00
1.00
-8.29
77.00
13.00
74.00
-12.00
0.14
-6.67
-1.50
8.43
13.00
3.00
6.00
1.75
4.56
12.00
4.00
14.00
64.00
0.30
12.00
13.00
76.00
6.00
69.00
63.00
77.00
6.00
10.00
2.11
7.00
9.00
-11.00
6.00
8.00
3.00
79.00
78.00
5.00
0.20
79.00
3.00
5.00
73.00
-3.00
12.50
1.17
4.50
0.86
63.00
8.00
0.20
0.17
59.00
5.00
1.00
15.63
73.00
9.00
4.00
3.67
12.00
2.67
7.00
0.50
11.00
3.89
0.86
6.00
9.00
2.67
72.00
11.00
1.00
5.00
1.63
0.25
-0.25
76.00
-4.00
7.00
10.00
36.00
8.00
1.50
71.00
69.00
5.00
7.00
4.14
-4.00
-2.29
6.00
1.67
6.00
4.00
7.00
1.00
-2.00
0.22
5.00
-1.00
-1.00
8.00
2.50
24.00
14.00
5.00
0.17
0.33
9.00
-5.00
74.00
1.75
78.00
64.00
-2.75
1.13
9.00
0.22
2.00
-3.00
83.00
4.00
8.00
0.44
-4.00
66.00
14.00
13.00
5.00
11.00
0.33
2.67
4.00
3.00
6.00
76.00
-7.00
72.75
6.11
73.00
-2.00
8.00
7.00
7.78
1.00
8.80
8.00
72.00
26.00
8.00
10.29
3.00
70.00
57.00
1.00
2.00
-16.50
-2.33
5.00
12.00
4.00
0.00
6.50
0.00
0.83
3.00
-10.25
8.00
2.00
12.00
6.00
14.40
8.00
-3.00
16.00
1.00
24.00
72.00
1.50
8.00
9.00
1.00
77.00
1.00
8.00
4.00
9.00
1.20
9.50
12.33
12.00
67.00
15.00
66.00
1.14
63.00
-7.14
64.00
78.00
10.00
0.00
-1.00
-3.00
-13.00
0.03
5.00
1.00
6.00
57.00
76.00
0.25
3.00
5.00
0.14
0.75
9.00
75.00
8.00
80.00
4.83
4.00
0.67
14.00
0.00
69.00
-1.00
9.00
3.00
-0.64
71.80
2.00
0.22
-4.56
2.00
5.00
80.00
0.02
5.00
64.00
74.00
4.00
4.00
20.00
1.00
81.00
-5.00
8.00
18.00
1.22
9.00
73.00
0.16
6.30
68.00
64.00
76.00
1.00
0.17
10.00
4.71
24.00
-6.25
9.00
7.00
4.00
-5.00
6.00
65.00
2.00
-71.00
76.00
3.50
2.29
13.00
-12.00
0.75
1.80
-2.00
1.00
-17.00
0.67
8.00
24.00
-5.00
1.17
71.00
0.83
70.00
6.00
12.00
80.00
17.00
12.25
0.89
10.00
-4.00
9.00
1.29
18.00
1.00
-5.00
1.20
9.20
73.00
9.00
8.00
4.00
1.00
13.00
70.00
8.00
4.00
-2.00
4.00
0.67
17.00
18.00
0.00
-1.00
6.00
1.00
13.00
0.25
1.75
9.00
1.80
4.00
6.00
-5.00
71.00
1.00
3.00
8.00
1.00
-2.00
7.00
16.00
65.00
24.00
0.00
5.00
10.00
3.00
0.14
-7.50
-4.90
10.00
63.00
3.00
3.80
3.00
0.50
10.00
7.78
0.63
1.00
2.00
1.00
9.33
-3.00
0.25
3.63
-5.50
5.00
11.00
14.40
15.00
13.67
21.00
12.00
1.00
7.00
1.00
64.00
67.00
6.00
-5.00
64.00
63.00
19.00
81.00
12.00
75.00
15.00
10.00
2.00
0.00
-5.00
-3.00
-3.00
80.00
79.00
-2.00
14.00
2.33
7.00
10.00
1.00
8.00
62.00
9.83
-2.00
8.75
9.00
9.00
2.25
0.14
-7.00
-3.25
75.00
1.04
72.67
1.67
64.00
8.00
6.14
63.00
10.71
69.00
0.17
1.00
2.00
0.33
8.00
4.00
1.14
71.80
4.00
74.00
72.00
1.80
76.00
-0.80
7.00
3.00
0.71
4.00
73.00
9.00
3.00
81.00
1.00
2.00
14.00
71.33
4.33
8.00
-8.00
7.29
2.00
6.00
1.60
-4.00
-8.00
1.50
6.00
-7.00
11.00
5.00
3.00
72.00
8.00
24.00
16.00
73.00
4.13
-4.00
7.00
0.71
63.00
-1.00
-2.29
-3.00
67.00
-2.00
-11.40
4.00
10.00
9.88
0.92
1.00
64.00
7.00
6.78
73.00
0.00
7.00
71.00
14.00
10.00
-12.00
0.67
-6.00
4.00
9.00
-3.00
8.50
10.29
-4.75
5.00
1.00
0.13
6.00
14.00
58.00
62.00
13.00
1.00
24.00
14.40
5.33
5.00
4.00
14.40
4.00
1.00
67.00
8.33
0.02
24.00
0.17
-5.00
8.00
1.00
-14.00
7.00
0.50
1.00
4.50
-1.00
65.00
1.00
3.00
4.00
2.00
1.50
8.00
12.00
2.25
2.00
12.00
1.00
1.80
2.00
9.00
2.00
8.00
5.00
9.00
76.00
-0.84
0.88
2.00
4.00
-2.00
8.22
2.00
1.00
6.00
6.00
6.00
7.00
68.00
8.00
70.80
69.00
65.00
10.00
71.22
10.00
9.00
-1.00
14.00
12.00
82.00
17.00
17.00
2.00
1.00
1.00
9.00
9.00
18.00
-1.11
5.50
1.33
8.33
-0.33
77.00
10.75
7.00
15.00
7.00
20.00
1.00
81.00
13.00
8.00
4.00
0.11
14.00
9.33
-7.17
3.00
8.00
0.29
7.00
6.50
6.00
0.33
-7.86
7.00
2.00
3.00
6.00
-8.00
12.00
6.00
1.33
1.40
-3.00
14.00
2.00
14.40
-3.00
15.00
8.00
81.00
0.22
3.50
76.00
-5.75
8.50
0.75
0.00
67.00
9.00
-6.00
8.00
75.00
8.20
1.50
7.00
9.00
1.50
0.15
-2.00
4.00
6.00
11.00
69.00
13.00
11.00
8.00
10.00
0.38
1.67
6.63
6.00
-3.00
2.75
7.00
0.67
5.00
-8.67
13.00
3.00
-1.25
72.60
8.00
69.00
1.75
63.00
9.00
-7.00
18.00
0.67
24.00
1.00
0.67
6.67
2.00
1.80
-2.00
75.00
2.78
0.25
5.00
10.00
0.50
7.00
0.00
3.00
5.00
0.83
3.00
2.00
19.00
9.00
67.00
1.00
-9.00
7.00
70.00
10.00
6.00
1.00
1.00
-4.00
-0.67
3.00
9.60
0.67
16.00
76.00
64.00
-1.00
6.50
8.00
3.00
16.00
6.00
-5.00
8.00
10.00
-10.00
16.00
9.33
12.00
76.00
15.00
2.00
16.00
8.00
-3.00
-4.00
12.00
1.80
2.00
18.00
-4.88
2.29
2.00
59.00
14.40
-12.86
2.67
83.00
2.00
9.00
5.00
4.00
-1.00
1.00
10.00
1.00
0.00
19.00
1.00
7.00
3.00
10.29
2.00
11.00
71.67
5.00
70.00
13.83
3.50
63.00
77.00
9.00
24.00
16.00
6.86
3.00
0.83
63.00
70.00
83.00
9.00
7.00
0.04
3.24
-6.00
72.33
0.13
8.00
1.00
3.00
78.00
2.00
0.50
61.00
-1.00
0.14
8.00
7.00
4.00
13.00
0.17
3.25
1.33
0.71
0.22
23.00
2.00
1.50
4.50
5.00
11.00
5.22
0.00
0.00
-11.00
2.00
12.80
9.29
80.00
0.00
6.50
6.00
20.00
-4.00
75.00
5.00
19.00
79.00
4.67
1.14
8.00
8.00
3.00
0.14
0.15
0.33
14.00
1.14
1.00
-3.00
14.00
7.00
-3.00
-1.00
15.00
73.00
1.75
18.00
7.00
5.00
2.14
1.00
0.40
65.00
0.03
6.00
-4.75
9.33
9.00
1.50
31.00
6.83
15.00
-7.29
27.00
22.00
3.00
13.00
0.00
-5.00
18.00
10.00
2.33
5.00
10.33
14.40
-1.00
65.00
-3.00
9.00
10.29
7.80
0.29
6.63
13.00
0.00
5.00
2.33
7.00
4.00
71.80
7.00
15.00
-4.00
14.29
1.00
0.50
12.00
-7.00
8.00
80.00
79.00
67.00
3.06
8.13
0.33
14.40
13.00
0.14
14.00
5.00
-1.00
1.50
11.00
0.00
4.00
1.29
0.20
0.57
10.00
1.56
-1.00
6.17
1.67
5.20
-5.00
0.16
2.00
5.71
15.00
73.00
11.40
-1.00
0.17
7.00
-0.93
80.00
2.33
10.00
8.00
5.00
63.00
-2.00
-1.00
10.00
71.29
4.11
1.00
24.00
14.40
2.00
0.22
-1.00
9.00
6.00
9.00
12.00
4.00
1.00
81.00
0.00
1.14
-2.33
2.00
5.00
5.00
1.20
77.00
1.00
-1.00
17.00
7.00
11.00
0.50
-3.00
1.73
-7.00
3.00
-3.20
0.61
-3.00
-7.00
2.00
2.67
14.00
2.50
1.71
4.00
5.00
67.00
66.00
-7.00
1.00
4.00
12.00
0.00
1.00
4.50
1.50
8.00
0.67
6.00
12.00
12.00
1.29
67.00
79.00
71.00
0.50
1.00
2.00
-3.00
36.00
75.00
2.00
-4.00
75.00
8.00
10.00
11.00
1.60
4.67
9.00
1.00
8.80
2.00
75.00
-11.40
-1.00
8.00
3.22
4.25
4.25
5.00
12.20
-1.00
-6.00
2.00
1.13
2.00
-3.50
-2.29
3.00
10.00
4.00
9.00
14.40
4.00
11.00
81.00
29.00
3.00
6.00
-12.43
9.50
-3.33
8.00
2.00
14.00
8.00
0.50
6.00
1.00
-4.00
78.00
0.25
10.00
64.00
68.00
79.00
10.00
74.00
0.56
66.00
-4.00
-3.60
12.00
-1.00
7.50
66.00
-2.00
78.00
14.40
12.50
1.00
0.00
0.78
3.00
19.00
1.00
0.75
1.67
9.00
6.50
-6.00
-0.75
3.00
16.00
12.00
9.88
11.00
11.00
12.50
8.00
7.00
6.00
13.00
14.83
2.00
18.00
13.00
1.00
73.00
-5.00
0.38
7.14
-15.00
70.00
0.00
18.00
3.00
76.00
11.00
3.00
10.29
1.00
4.00
-5.00
15.00
4.00
10.00
77.00
-2.00
5.80
-2.00
-4.00
3.80
65.00
-7.00
1.00
78.00
11.00
-5.00
-5.00
1.40
24.00
70.00
80.00
3.00
-0.50
12.00
65.00
-8.29
16.00
72.00
6.00
-0.67
1.00
9.00
-5.75
0.71
0.10
0.50
72.00
7.33
7.00
23.00
6.00
13.00
1.00
2.00
9.00
17.00
8.00
0.00
6.00
0.00
6.00
76.00
0.71
13.00
9.00
17.29
72.00
0.50
1.00
11.00
0.33
10.00
2.00
1.33
14.00
1.00
81.00
0.00
7.00
8.00
18.00
-7.50
9.00
1.80
72.00
0.75
75.00
1.20
80.00
9.29
0.50
0.30
1.00
5.50
-2.00
-9.00
-8.00
-2.00
9.00
0.00
6.00
-2.67
65.00
82.00
-13.00
9.20
0.86
3.00
0.38
0.13
24.00
1.60
1.00
8.88
10.00
3.00
67.00
78.00
73.00
-8.83
14.00
7.50
1.00
1.00
2.00
14.40
60.00
9.75
-1.00
-4.82
0.00
13.00
17.00
4.00
0.11
0.50
-5.00
5.00
-8.00
-2.00
-8.00
0.25
-2.00
13.00
3.00
12.00
67.00
5.00
0.00
8.00
1.13
0.00
-11.00
13.00
64.00
4.00
9.00
0.21
69.00
14.00
0.13
4.00
2.25
2.00
-10.00
3.00
67.00
71.00
26.00
2.25
1.00
10.29
2.00
-4.00
80.00
67.00
2.00
1.00
7.00
14.00
1.33
2.67
15.00
0.00
-1.00
-3.00
0.00
1.00
8.00
1.00
2.33
73.00
18.00
4.00
9.00
5.00
-5.00
12.00
9.00
-6.00
1.00
9.00
15.00
18.00
-1.00
6.00
8.40
6.06
4.00
3.00
12.56
64.00
-4.00
1.50
5.75
0.50
3.00
15.00
13.50
2.00
7.14
11.22
1.33
8.00
8.00
0.33
-11.00
0.29
68.00
-0.67
9.57
9.67
2.00
-6.00
2.57
73.00
8.00
3.00
0.00
5.00
8.14
3.00
10.29
1.00
4.00
1.00
15.00
3.00
1.67
0.44
75.00
0.71
4.00
6.00
15.00
69.00
4.50
5.83
14.00
-1.00
10.00
64.00
15.00
1.00
-4.00
2.00
3.00
5.00
6.00
-8.00
2.91
71.00
14.00
3.00
80.00
5.29
6.67
0.13
8.50
0.80
9.00
18.00
81.00
4.00
77.00
0.22
8.00
-5.00
1.00
2.50
68.00
14.00
8.00
-4.50
-4.56
8.00
4.00
0.22
67.00
3.00
70.00
0.25
1.13
-11.00
6.00
0.00
6.00
4.00
4.00
12.00
-3.00
4.11
-2.00
0.71
1.00
69.00
6.00
6.00
5.00
0.00
28.00
18.00
4.00
6.00
2.00
15.00
79.00
66.00
63.00
1.14
0.00
-8.00
3.00
5.00
5.00
-1.00
9.00
0.43
7.00
-6.00
9.00
4.00
2.00
2.00
2.00
14.00
1.00
7.00
0.38
13.00
-2.00
14.00
64.00
83.00
4.20
-6.00
23.00
65.00
2.00
-3.00
3.00
4.00
63.00
64.00
-5.14
5.00
81.00
5.00
-1.00
-2.00
5.13
3.67
-0.50
3.14
0.00
73.00
69.00
-2.00
-3.89
0.20
5.00
14.00
15.00
-2.00
9.00
64.00
-3.00
4.25
5.00
18.00
8.00
2.00
-3.00
2.67
3.40
71.50
7.33
8.00
6.33
-6.00
3.00
4.86
5.00
-2.00
63.00
11.00
11.00
70.00
11.00
7.00
-4.00
1.20
5.40
-7.00
13.00
-4.00
15.00
76.00
4.00
1.00
4.00
-2.40
0.00
2.00
5.00
76.00
7.78
77.00
0.00
8.00
13.00
8.00
1.00
1.20
6.00
3.00
66.00
3.33
5.33
16.00
10.00
81.00
8.00
79.00
74.00
1.00
9.00
3.00
3.67
75.00
3.14
21.00
0.50
67.00
-7.33
3.00
79.00
-7.00
7.00
-3.60
-4.00
18.00
76.00
4.00
7.00
9.00
8.00
63.00
12.00
3.00
3.00
3.11
69.00
9.00
11.00
1.00
12.00
-2.00
-1.00
10.00
1.50
19.00
0.11
13.00
6.00
7.25
3.00
-6.00
1.60
0.50
2.00
2.00
6.25
14.00
0.20
6.00
1.20
21.00
70.00
3.00
-3.00
71.00
4.67
0.67
-8.00
13.00
72.00
-2.33
3.00
1.17
17.00
9.00
7.00
3.25
7.00
4.00
12.00
74.33
6.29
0.33
14.00
9.00
4.00
18.00
14.00
70.00
0.50
22.00
0.22
0.05
4.00
7.60
18.00
8.00
72.00
0.33
-3.00
72.00
9.75
-7.00
6.75
9.00
11.00
-13.00
4.00
2.00
9.00
14.40
70.00
7.17
5.50
0.29
7.83
11.00
-3.00
67.00
6.09
0.11
77.00
-1.00
-2.00
73.00
9.33
33.00
0.22
7.00
13.00
3.67
10.29
-4.00
9.00
-2.00
6.00
4.50
1.00
5.00
7.00
8.00
0.89
9.00
4.71
0.44
2.50
-4.25
5.71
-2.00
4.00
-1.00
0.05
1.50
-1.30
0.75
7.00
8.00
-2.00
1.13
14.40
9.07
0.29
24.00
-6.00
12.00
16.00
11.00
1.00
4.21
6.00
9.00
0.25
10.00
3.89
87.00
3.00
3.00
63.00
68.00
2.40
82.00
8.38
0.00
72.00
12.00
-4.00
-7.00
7.00
77.00
-7.00
72.00
2.00
0.00
2.00
1.00
9.00
12.00
1.20
13.00
10.00
4.50
6.00
9.00
17.00
16.50
3.67
0.00
0.08
7.43
6.00
0.14
4.00
0.00
5.20
13.00
0.06
4.00
6.00
3.00
1.00
11.00
-63.00
78.00
1.14
11.00
13.00
1.00
81.00
2.00
8.00
1.50
6.00
74.00
2.95
1.00
70.00
1.00
7.00
0.25
16.00
65.00
6.00
4.33
8.00
-3.25
79.00
3.00
2.00
6.00
74.00
3.50
5.00
2.00
10.00
7.00
-4.43
72.00
13.00
0.63
-5.00
-14.00
2.67
0.14
6.00
1.75
0.00
14.00
68.00
4.75
6.50
7.82
77.00
4.00
15.00
0.21
-1.25
63.00
2.25
-5.00
7.00
11.00
0.75
-5.25
9.00
24.00
9.00
64.00
12.00
-4.00
1.50
15.00
14.00
14.00
12.00
71.44
10.00
5.50
5.00
0.22
-2.00
8.00
0.50
-1.00
9.00
-3.00
1.50
18.00
5.00
1.50
77.00
18.00
67.00
3.00
-6.00
-1.50
13.00
69.00
61.00
7.75
0.20
65.00
76.00
19.00
68.00
8.00
0.50
8.00
-8.00
7.17
7.00
10.00
6.67
9.00
36.00
67.00
18.00
8.00
10.00
4.00
0.26
4.00
-1.00
-6.00
63.00
0.00
4.75
0.15
7.00
0.10
1.00
1.00
8.00
6.00
13.00
18.00
-2.00
2.50
45.00
-6.00
8.00
-3.00
4.00
71.00
1.00
0.75
-1.50
7.63
5.00
0.14
3.00
18.00
6.00
6.00
69.00
1.00
65.00
-0.60
0.00
-12.00
8.07
0.75
5.00
14.00
0.57
3.00
2.00
3.00
73.00
8.00
2.00
76.00
74.00
65.00
-1.00
4.00
8.00
2.00
8.06
4.00
6.00
8.00
2.00
-4.00
4.00
8.00
9.00
-8.50
2.00
0.00
70.00
2.00
78.00
7.00
64.00
7.00
14.40
7.00
5.00
6.00
1.00
6.00
1.00
2.00
3.00
13.00
-1.44
1.00
19.00
9.00
6.00
1.00
0.33
11.00
11.33
12.00
7.00
0.86
18.00
15.00
68.00
2.67
3.00
7.00
3.00
-8.00
3.00
0.38
7.00
7.00
6.00
-7.00
1.50
3.50
2.00
0.44
0.50
6.00
6.00
0.00
-2.00
-4.00
0.50
-1.00
9.00
3.00
15.00
3.00
9.00
6.00
4.00
2.00
13.11
2.00
12.00
3.00
18.00
8.00
7.00
11.00
3.00
9.14
74.00
4.00
10.29
13.00
72.50
80.00
0.10
1.40
20.00
-10.00
0.33
0.11
0.43
1.36
-3.00
65.00
0.75
15.00
7.00
1.00
6.89
15.40
2.00
72.75
6.50
9.00
4.00
1.50
-6.00
73.00
1.00
10.00
14.00
-16.33
12.00
-3.00
6.00
77.00
72.00
-2.00
63.00
1.67
4.00
-2.00
14.00
0.75
0.50
3.00
1.00
10.00
14.00
74.00
0.13
1.00
14.00
6.00
10.00
12.00
0.14
2.88
81.00
-4.00
0.67
7.00
67.00
16.00
18.00
-5.00
1.29
4.00
-10.00
2.00
8.00
76.00
1.25
1.60
1.00
81.00
-1.00
9.00
1.00
66.00
13.00
15.00
-3.71
9.00
36.00
-3.00
6.00
79.00
5.00
6.00
64.00
11.00
3.00
-4.00
0.36
0.00
2.00
73.00
2.00
8.00
6.00
3.00
0.25
6.25
0.21
9.89
3.25
5.00
19.00
14.00
6.00
79.00
1.00
2.00
3.00
7.50
3.00
7.00
-7.00
63.00
6.43
11.00
8.00
4.00
12.00
0.07
0.00
-3.00
2.00
6.00
0.00
69.00
0.00
10.00
0.10
4.00
70.00
5.00
76.00
1.00
12.00
8.00
3.00
9.67
71.00
64.00
77.00
13.00
7.00
72.00
0.50
0.00
-6.97
0.50
17.00
73.00
3.00
2.00
81.00
6.00
18.00
10.00
-2.33
-9.00
8.00
71.00
5.00
9.14
8.00
7.00
64.00
7.00
-3.00
15.00
0.50
-2.00
15.00
81.00
-4.00
6.00
0.50
1.25
1.00
1.00
7.67
9.17
-0.83
12.00
67.00
81.00
14.00
80.00
5.60
-7.22
2.50
1.80
4.50
10.00
-9.83
-6.00
1.25
78.00
6.00
0.00
7.00
-6.50
-8.00
0.83
7.75
-5.40
-8.00
5.00
-2.00
72.67
0.80
9.00
73.00
21.00
1.13
12.00
9.00
-2.00
-1.00
61.00
-2.00
11.00
1.00
-8.00
65.00
1.75
14.40
0.43
9.00
7.33
18.00
78.00
4.00
5.00
12.00
68.00
3.00
2.00
0.00
81.00
5.08
8.00
-3.00
72.00
-8.33
11.40
57.00
2.00
0.40
-1.00
6.13
1.00
7.00
12.00
36.00
4.00
5.25
-4.00
2.00
-0.67
-1.00
-1.00
6.00
68.00
63.00
-2.20
14.40
68.00
8.00
1.75
0.14
2.33
68.00
5.00
7.00
8.00
11.00
7.71
8.00
72.00
-2.00
1.00
6.00
72.00
3.00
20.00
-4.00
-11.00
12.00
-2.29
5.00
5.00
13.00
1.00
3.00
1.00
0.00
0.22
-11.00
6.00
1.20
0.25
-22.00
8.00
-7.00
71.40
0.58
5.75
0.00
0.75
2.67
18.00
-3.00
76.00
9.00
2.89
3.67
9.00
4.00
10.00
3.00
77.00
-4.80
9.00
-4.29
71.00
13.00
17.40
9.00
3.78
71.75
0.67
-1.00
1.14
66.00
1.50
9.00
12.00
5.50
6.00
75.00
7.00
6.00
9.00
1.33
11.00
67.00
69.00
7.71
-9.00
7.00
0.57
10.50
2.71
-7.00
5.00
0.00
2.00
1.00
2.00
4.86
3.00
8.00
69.00
2.00
24.00
0.40
1.64
-10.33
15.00
18.00
-5.00
7.00
6.00
8.00
0.80
2.00
7.00
66.00
12.75
12.00
1.80
7.00
-5.00
74.00
1.00
66.00
15.00
4.00
10.00
71.00
6.00
18.00
7.00
63.00
4.00
29.00
0.00
10.00
8.00
5.00
60.00
-0.86
-3.43
13.00
3.00
68.00
6.00
-13.00
7.00
1.00
-2.00
67.00
2.00
69.00
-1.00
10.25
9.00
68.00
8.00
2.00
4.00
10.29
-5.00
-4.11
-12.00
6.00
1.00
2.00
7.00
6.00
73.00
1.00
4.00
-1.00
2.00
-3.00
16.00
-10.00
9.00
79.00
6.00
5.00
0.17
7.00
9.00
4.00
1.00
73.00
12.00
0.43
-4.00
2.00
3.00
76.00
8.00
73.00
9.00
65.00
5.67
-0.33
2.14
6.80
71.00
9.00
5.00
13.00
10.00
12.00
10.00
9.00
4.00
-1.00
1.00
9.00
1.60
1.50
17.00
12.00
9.33
6.00
65.00
68.00
-1.43
-2.00
78.00
73.50
0.29
-4.00
7.00
73.00
-9.29
70.00
15.00
0.00
6.00
14.00
2.00
1.00
2.00
-5.00
4.00
18.00
18.00
0.01
0.29
-8.67
71.00
0.29
0.02
-5.00
2.00
9.00
63.00
12.00
0.25
2.00
5.00
-4.80
7.00
2.00
12.00
12.00
75.00
-1.50
4.80
1.60
14.00
10.00
10.00
0.02
8.67
1.00
10.00
-6.00
0.00
-3.00
4.00
79.00
-4.00
6.00
8.80
3.75
0.13
2.00
5.00
10.00
65.00
-4.00
1.13
67.00
6.00
-7.50
79.00
1.00
0.11
-3.57
2.00
57.00
3.00
3.00
1.00
8.00
0.11
66.00
4.50
-3.00
-3.00
2.00
18.00
0.10
0.25
7.00
2.00
7.00
1.00
7.00
7.00
9.00
71.00
71.00
-10.00
75.00
1.00
5.00
-8.00
11.50
-5.00
-5.33
1.00
76.00
-1.00
14.00
2.00
75.00
9.00
71.00
3.25
6.67
0.00
18.00
6.00
0.43
19.00
8.00
5.00
78.00
3.00
13.00
6.29
16.00
70.00
66.00
2.00
7.00
0.25
12.00
1.00
0.43
9.00
0.00
-7.00
1.33
9.00
-7.25
18.00
-1.00
6.00
1.00
7.86
-5.00
2.00
-1.40
12.00
3.00
3.00
0.19
8.00
2.80
2.00
65.00
0.50
5.00
4.00
72.75
4.00
81.00
71.50
-4.67
2.00
1.25
2.00
0.80
4.00
70.00
80.00
18.00
-3.00
1.00
4.00
5.00
1.50
1.00
3.00
13.00
-5.86
-4.00
71.00
0.23
4.25
0.50
0.42
1.00
14.00
6.00
9.00
0.00
0.03
3.00
9.00
7.29
1.67
3.00
12.00
5.33
-1.83
6.00
-4.00
2.00
1.00
2.00
0.75
6.00
65.00
5.00
-8.00
4.80
17.00
6.80
4.00
12.00
-1.00
2.50
13.00
3.00
0.33
15.00
-8.00
-2.00
74.00
1.80
7.80
5.00
5.00
-5.60
79.00
10.00
2.00
65.00
7.40
64.00
-1.00
7.17
67.00
-0.20
14.40
0.00
1.00
5.00
10.00
0.50
-1.00
3.00
9.00
1.00
-3.38
77.00
9.00
5.00
14.00
14.00
2.00
9.00
76.00
8.00
81.00
5.25
6.00
8.00
59.00
8.00
0.75
0.25
2.00
16.00
9.00
74.00
9.00
11.00
14.00
2.25
5.00
10.50
74.00
-1.50
-6.13
12.00
4.00
10.00
-21.00
12.00
1.00
1.11
15.00
0.60
24.00
-2.00
11.00
0.43
11.00
13.00
4.50
9.13
0.00
0.60
63.00
71.50
7.00
5.00
0.25
0.43
71.00
0.67
7.00
0.29
11.00
-7.00
3.00
6.00
-2.00
1.00
3.50
-2.00
11.13
11.29
3.00
-1.00
4.00
12.00
6.00
5.63
71.00
79.00
22.00
4.00
66.00
9.00
0.58
-4.83
20.00
-2.00
4.83
4.00
9.63
3.00
8.00
20.00
5.25
0.00
12.00
73.00
-5.00
-4.00
10.00
71.00
-2.00
5.00
-5.00
9.50
-14.00
-3.38
12.00
71.00
4.00
1.00
17.40
76.00
0.50
77.00
1.00
0.10
23.00
-3.20
72.75
14.00
-3.00
6.00
4.50
2.00
9.00
4.50
10.00
-1.00
3.00
1.00
0.50
0.00
9.67
4.00
74.00
10.00
7.00
-5.00
1.86
-3.22
0.44
0.02
0.00
2.00
72.00
1.00
76.00
0.43
2.50
10.00
67.00
-10.00
2.00
-2.00
13.00
2.00
1.14
67.00
1.40
3.00
0.00
12.00
2.00
6.14
10.00
12.00
9.00
5.00
2.00
12.00
4.88
12.00
4.17
6.00
6.00
12.00
1.33
79.00
5.00
-3.00
6.00
0.03
10.00
8.00
13.00
3.00
80.00
0.20
0.02
2.00
-3.50
11.33
12.00
13.00
-7.67
81.00
4.00
7.00
1.00
0.02
4.00
5.47
-12.00
4.00
70.00
11.00
1.00
2.00
8.00
75.00
1.29
7.00
12.00
8.00
9.00
10.00
19.00
69.00
78.00
3.00
24.00
70.00
5.00
7.00
64.00
2.35
9.33
-13.00
11.00
9.75
4.00
1.67
-10.00
2.83
9.00
36.00
0.00
7.00
1.29
-2.00
5.00
1.00
10.00
81.00
5.00
-4.00
-1.50
80.00
1.00
0.00
0.50
6.00
-11.00
66.00
16.00
2.00
-1.89
6.00
75.00
0.11
9.00
8.00
2.50
68.00
20.00
5.57
4.67
7.00
15.00
0.00
9.00
8.00
67.00
11.00
-1.00
4.00
13.00
69.00
83.00
-5.00
0.75
75.00
0.11
0.83
7.00
12.00
79.00
23.00
14.00
5.00
14.40
36.00
11.00
8.00
8.00
66.00
9.00
2.00
4.00
8.00
16.00
3.00
74.00
70.00
0.56
1.00
10.00
17.00
68.00
0.33
-3.00
2.00
1.00
-2.00
-5.00
3.00
11.25
4.00
0.33
0.17
-4.22
-2.00
0.67
16.00
1.71
64.00
7.03
3.50
69.00
5.00
4.00
9.00
72.44
10.29
-4.00
8.00
67.00
2.00
0.50
16.00
70.00
1.17
-0.83
5.00
10.00
-5.00
2.00
10.43
6.00
1.00
-7.00
2.00
-2.75
5.22
6.00
0.83
9.00
-2.00
6.00
16.00
12.00
-1.20
7.00
-0.44
-65.00
11.00
6.00
75.00
2.33
7.00
36.00
10.00
-5.00
9.00
1.00
65.00
-1.00
0.13
-2.00
11.00
-15.00
0.29
36.00
11.00
63.00
-3.00
-3.00
10.00
-1.80
-11.00
0.75
3.00
-2.00
8.00
24.00
4.00
6.00
5.00
3.00
0.13
7.00
1.00
-3.75
4.00
1.00
81.00
-2.83
-5.25
1.60
16.00
71.00
72.00
64.00
4.00
0.00
0.13
-3.00
9.00
3.67
67.00
2.00
3.00
9.00
9.00
10.29
8.00
13.00
9.00
17.00
0.80
0.00
21.00
9.00
10.25
10.00
2.25
6.00
8.00
0.75
-4.00
71.14
9.00
-3.00
0.12
5.50
75.00
6.00
64.00
0.03
11.00
6.00
7.00
80.00
16.00
-7.00
3.00
8.00
2.00
78.00
-2.86
7.00
7.00
4.00
64.00
-10.00
0.80
4.00
7.00
5.50
1.50
2.00
4.83
2.00
73.00
6.00
10.00
18.00
20.00
2.00
68.00
1.00
-1.00
-22.00
-3.00
8.00
1.00
5.00
74.00
-0.14
12.00
0.00
72.50
14.40
4.00
1.50
0.13
-8.33
29.00
11.00
11.00
1.50
4.00
1.00
1.14
-8.00
6.00
0.06
8.00
13.00
1.50
8.00
8.00
81.00
10.29
76.00
78.00
-3.00
7.07
65.00
0.75
6.00
0.67
73.00
65.00
73.00
5.00
0.78
8.00
2.50
14.00
9.00
2.00
-3.00
8.33
-6.00
6.00
8.00
71.50
0.75
12.50
4.00
-15.00
2.00
0.12
-5.75
1.29
18.00
4.00
-15.00
13.00
15.00
7.00
17.00
4.80
3.83
0.00
1.67
65.00
2.00
2.01
13.00
5.00
8.00
10.33
5.00
3.00
7.00
1.25
76.00
5.00
7.00
5.25
9.00
1.00
-2.00
3.00
1.00
2.00
7.00
-7.00
-11.50
8.00
78.00
9.00
0.25
7.00
-2.50
36.00
1.00
8.00
0.00
17.00
65.00
-2.00
2.00
16.00
11.00
6.00
72.00
4.00
12.00
1.58
0.00
-12.00
10.60
-4.00
0.17
-6.00
17.00
65.00
1.00
9.00
11.00
14.40
14.00
2.00
15.00
1.00
0.80
3.00
0.00
2.78
0.09
73.00
13.17
76.00
9.00
-2.60
1.33
8.00
0.20
0.67
0.01
1.00
3.00
12.00
7.00
76.00
3.75
72.00
-10.00
-7.43
6.00
0.86
8.00
-4.00
2.00
25.00
12.00
7.00
-1.00
2.00
64.00
75.00
21.00
11.00
23.00
5.00
1.00
4.00
0.00
10.00
12.00
3.00
4.00
6.00
9.00
6.00
5.00
-13.33
12.00
7.00
0.04
-3.00
67.00
67.00
-6.00
1.00
2.00
-1.00
7.00
4.00
7.00
10.00
4.33
2.00
7.00
73.00
0.25
1.14
8.00
2.50
8.00
5.75
0.67
7.33
13.00
7.00
2.50
7.13
5.67
18.00
76.00
13.00
8.00
0.86
6.00
0.56
5.00
14.00
4.00
2.00
0.04
68.00
72.67
3.00
76.00
69.00
0.63
6.00
2.67
3.60
8.00
-0.50
71.67
79.00
26.00
1.50
0.25
10.00
2.00
10.00
5.80
-6.00
81.00
10.29
14.57
2.00
5.00
77.00
36.00
6.00
7.00
1.00
2.33
9.00
80.00
0.00
6.00
0.88
9.00
10.00
3.40
8.00
12.00
-0.24
9.00
8.00
74.00
2.00
-2.00
3.00
11.00
0.33
16.00
6.00
0.04
14.00
1.50
11.00
0.00
2.00
76.00
7.00
-7.00
1.29
69.00
2.00
8.00
7.00
9.00
6.00
5.00
0.57
76.00
16.83
12.00
10.00
71.00
14.00
9.00
12.00
20.00
7.00
8.33
1.33
6.57
18.00
10.00
4.00
14.40
9.00
-1.00
73.00
-4.86
5.00
74.00
13.00
72.00
-6.00
-2.00
84.00
10.00
-4.00
15.00
7.60
0.22
10.00
80.00
-0.33
-8.00
1.17
71.56
5.83
2.00
0.02
3.33
0.50
9.00
-1.22
9.00
70.00
4.00
0.93
7.22
71.00
1.50
8.00
68.00
9.00
-7.33
1.00
9.00
9.00
74.00
7.00
72.00
3.00
-13.20
-1.00
6.00
2.00
2.00
1.00
11.88
80.00
4.00
1.50
0.00
11.00
4.00
11.00
8.80
67.00
2.00
81.00
1.00
8.00
77.00
8.00
3.00
0.12
2.33
10.00
65.00
7.00
68.00
15.00
11.00
8.00
4.00
5.83
14.00
9.00
9.00
1.00
8.00
21.00
79.00
0.00
3.88
-6.79
13.00
0.38
9.00
1.00
2.00
11.00
4.00
12.00
0.86
8.00
14.00
73.00
2.06
7.00
4.13
72.75
2.00
4.00
7.00
6.00
6.00
7.00
12.00
3.00
8.17
-11.00
71.00
-3.00
7.40
-0.25
11.00
63.00
7.50
66.00
-8.00
7.00
2.50
0.29
7.00
3.00
74.00
0.86
-6.56
5.00
6.44
7.00
0.50
0.00
1.25
13.00
9.86
7.00
1.00
-4.00
12.00
24.00
12.00
8.00
-5.63
6.00
69.00
-6.00
-9.00
10.00
75.00
1.14
73.00
2.00
5.00
9.00
18.00
65.00
9.25
9.00
0.83
2.00
4.67
6.00
-3.67
0.00
4.50
12.00
4.50
8.00
2.83
2.00
5.50
12.00
-3.00
-6.00
2.00
4.29
-16.00
9.00
10.00
3.00
7.00
9.00
-2.00
0.14
75.00
7.00
1.00
-8.25
0.86
2.67
2.00
6.00
0.14
11.00
72.25
6.00
9.00
13.00
18.00
2.00
7.00
71.00
8.00
75.00
3.00
10.00
80.00
0.13
3.25
0.13
-7.38
67.00
12.50
2.00
6.80
2.00
0.78
73.00
14.00
67.00
1.00
5.00
79.00
16.00
23.00
2.67
-7.00
0.57
30.00
66.00
11.50
0.00
-3.11
9.00
13.00
2.00
76.00
2.40
10.00
1.00
-17.00
9.00
58.00
1.00
0.25
2.00
2.00
11.00
1.00
36.00
0.00
2.00
5.00
13.00
-5.29
17.00
63.00
11.00
3.88
1.00
12.00
3.67
-6.00
0.04
8.00
-6.00
-5.00
74.00
4.00
1.60
12.00
78.00
-6.77
0.00
8.00
15.00
72.50
6.00
7.00
8.00
0.00
0.05
16.00
1.00
2.00
8.00
0.17
17.00
4.00
7.00
-3.00
0.00
11.00
0.83
3.67
2.00
11.00
5.00
-2.67
2.00
9.00
4.50
0.33
-6.00
2.00
18.00
3.00
1.00
68.00
-5.00
3.00
5.29
1.20
6.00
9.00
-4.00
8.00
19.00
16.00
16.00
8.20
-2.00
2.00
-2.00
8.00
8.33
16.00
8.00
1.25
1.00
6.00
3.00
6.50
13.00
1.40
65.00
4.00
21.00
61.00
11.00
5.00
10.00
0.67
26.00
7.00
1.17
7.00
2.00
-0.33
0.67
2.00
73.00
2.00
13.00
-5.17
78.00
4.00
-11.00
9.00
3.22
0.00
76.00
1.00
9.00
4.00
0.50
12.00
10.00
7.60
-3.00
71.43
6.00
73.00
15.00
71.00
7.00
-8.00
12.00
66.00
14.40
6.00
1.14
8.00
-4.00
8.00
18.00
1.00
1.00
81.00
14.00
4.00
1.00
1.83
13.00
10.00
11.00
12.00
-8.00
3.00
17.00
64.00
6.00
74.00
-1.00
10.00
5.00
4.00
71.00
3.57
7.50
69.67
2.00
12.00
8.33
0.80
3.00
2.00
-16.00
68.00
-8.60
7.00
14.00
3.00
0.00
71.00
1.60
19.00
5.67
6.00
84.00
9.00
-2.00
13.00
75.00
2.00
0.75
64.00
5.14
1.00
7.00
3.00
1.13
4.71
1.00
6.00
11.00
1.14
14.40
0.00
16.00
66.00
0.75
0.00
0.00
67.00
-8.00
18.00
4.00
18.00
10.00
2.00
-1.00
66.00
7.00
9.00
77.00
80.00
10.71
9.00
-1.50
21.00
-2.00
36.00
2.33
11.00
18.00
6.13
-3.83
1.00
78.00
12.00
2.00
72.44
-34.00
9.00
2.00
-5.00
14.00
-0.50
81.00
8.00
-10.00
1.00
72.00
1.00
-1.47
21.00
-2.00
-3.75
7.00
-4.00
11.00
11.00
7.60
7.00
1.00
1.00
1.13
5.00
78.00
18.00
4.00
1.20
3.38
-8.67
1.00
2.00
68.00
-2.00
1.40
4.00
4.00
6.00
5.00
0.71
4.00
0.78
5.00
36.00
72.00
15.11
1.80
4.00
-6.00
79.00
-11.50
2.97
6.00
22.00
2.00
24.00
18.00
17.00
6.00
0.00
16.17
10.00
-0.33
6.00
8.00
5.50
4.17
0.56
-7.00
0.33
79.00
6.67
-3.00
4.00
8.00
0.25
2.00
24.00
5.00
-5.00
81.00
74.00
6.00
11.00
7.00
4.00
2.00
10.17
0.78
0.80
69.00
2.00
4.00
-2.00
3.78
4.00
0.89
9.00
0.50
2.00
1.80
6.00
6.75
66.00
-3.00
16.00
69.00
8.71
79.00
9.00
1.00
0.25
-4.00
-5.13
18.00
-7.00
-2.00
-5.00
-6.00
7.67
3.29
-2.00
3.67
0.71
7.67
4.00
3.00
69.00
6.00
-1.00
66.00
-6.00
0.00
8.00
2.78
-4.00
2.00
0.00
2.00
0.43
23.00
11.25
10.00
-4.00
7.00
16.00
75.00
14.50
-4.00
-1.00
15.00
-6.00
0.80
-2.00
-6.00
79.00
-1.00
0.00
8.00
8.00
1.00
0.50
2.00
2.00
10.00
15.00
14.00
74.00
0.33
24.00
-2.00
3.00
4.50
6.00
0.50
72.00
5.00
4.00
2.00
6.33
9.67
1.00
-1.00
6.00
6.00
6.00
0.50
13.00
13.71
9.00
8.00
6.56
70.00
3.33
4.20
0.00
-0.71
-1.00
11.29
-2.00
4.78
0.00
4.00
1.14
14.00
70.00
8.00
3.50
-8.40
2.33
0.50
0.20
-3.00
15.00
17.14
-0.50
-5.00
3.00
-8.00
80.00
69.00
12.00
6.89
6.33
1.00
1.40
2.00
21.00
-9.29
-4.00
1.17
-5.00
7.00
1.00
0.71
1.00
-1.00
4.50
5.00
2.00
1.00
6.00
11.00
85.00
66.00
1.00
5.71
2.50
8.00
66.00
8.17
0.11
-4.00
3.00
7.00
7.75
14.00
4.20
-1.75
4.00
-12.00
1.00
71.00
9.50
9.17
5.00
7.67
80.00
9.00
9.67
12.67
5.00
-1.50
1.17
1.40
-7.40
0.06
4.00
1.00
1.33
12.00
7.00
1.40
13.00
1.00
1.20
11.50
36.00
7.00
14.00
4.00
5.11
1.40
3.22
74.00
-6.00
3.00
66.00
18.00
8.00
0.40
10.00
5.00
1.67
71.00
67.00
71.00
1.67
6.00
0.04
-3.44
7.00
1.00
-9.00
76.00
9.00
69.00
-1.00
4.00
40.00
9.00
0.16
1.25
-10.00
-8.00
7.29
2.00
66.00
2.00
8.00
82.00
0.00
0.25
66.00
12.00
4.00
15.00
14.40
66.00
-0.80
2.38
7.00
68.00
1.38
69.00
9.00
-2.60
1.00
1.50
6.00
-2.00
6.00
71.00
5.50
3.00
10.00
12.00
64.00
20.00
-3.00
74.00
-6.00
80.00
8.00
27.00
8.00
0.50
68.00
0.00
7.00
5.00
0.22
1.33
1.00
0.22
3.00
68.00
75.00
9.00
2.00
7.40
4.00
4.25
-3.50
9.00
6.00
-1.00
79.00
77.00
-7.00
9.00
-5.00
12.00
13.00
18.00
1.80
1.60
-5.00
13.00
13.33
8.00
4.00
1.00
9.00
6.00
67.00
7.00
67.00
27.00
0.00
0.60
1.67
-4.00
16.00
5.00
6.00
16.00
-6.00
7.80
0.56
66.00
-3.00
79.00
1.40
36.00
9.40
0.56
71.00
9.00
76.00
5.00
2.00
14.40
18.00
-5.00
9.00
3.50
75.00
3.00
1.40
11.00
80.00
17.00
4.00
5.00
6.00
0.88
8.00
6.33
3.00
5.00
12.00
22.00
-1.00
22.00
4.00
69.00
1.00
9.00
3.00
12.00
-1.00
19.00
0.38
-11.00
0.78
65.00
2.00
-1.00
68.00
0.00
5.60
2.00
12.40
5.00
1.17
14.00
5.00
21.00
-7.29
9.00
1.17
0.44
0.00
80.00
-1.00
1.00
11.00
0.67
-6.13
75.00
6.00
68.00
8.00
-2.00
1.00
3.00
9.40
21.00
-5.00
9.57
0.38
-1.00
11.00
5.67
0.00
77.00
-3.00
0.56
6.00
0.33
67.00
-5.60
5.00
2.89
-4.17
4.50
8.00
3.00
69.00
1.00
7.83
2.50
1.11
14.00
18.00
2.00
43.00
1.40
1.00
74.00
63.00
0.00
-2.00
1.11
72.00
2.00
1.00
0.30
0.67
3.50
0.13
-3.00
68.00
0.78
14.40
1.00
4.00
3.00
14.00
8.00
1.00
79.00
-2.00
69.00
0.01
0.00
36.00
7.00
7.00
8.86
9.00
-3.80
1.00
12.00
77.00
0.38
5.60
4.00
0.17
24.00
73.00
10.14
9.00
10.00
10.00
68.00
14.40
2.00
1.00
23.00
1.00
2.00
5.00
11.43
18.00
-5.40
-3.00
7.50
21.00
9.00
0.44
7.00
8.00
13.00
1.00
4.00
2.00
1.43
13.00
6.00
-2.50
13.00
3.17
6.93
-4.00
81.00
65.00
0.20
5.50
-4.75
-1.00
3.00
36.00
2.89
1.00
-4.00
66.00
74.00
0.11
11.00
12.00
9.00
14.40
12.00
0.50
79.00
-2.00
7.00
16.00
2.00
6.00
0.78
0.06
0.78
7.50
6.00
3.00
3.50
71.00
12.00
5.29
9.00
5.00
0.04
1.50
0.40
1.71
7.00
4.60
2.00
1.20
14.00
9.00
4.00
5.33
71.00
75.00
15.00
0.47
14.00
18.00
4.00
-2.00
10.00
-1.00
-9.00
6.00
2.00
2.00
12.00
0.00
67.00
2.00
-1.00
68.00
3.00
0.80
75.00
3.00
0.50
7.00
-6.00
-2.00
-5.00
9.00
2.00
11.00
6.00
5.00
11.00
3.50
14.40
8.00
71.00
0.43
67.00
-12.00
0.13
9.00
-1.00
10.29
25.00
64.00
81.00
11.00
8.00
14.00
8.00
0.25
1.50
0.00
11.00
7.00
1.67
20.00
-1.67
4.00
20.00
5.00
2.00
72.00
-3.00
-3.00
-4.00
1.14
4.00
28.00
14.00
1.00
6.00
0.50
1.75
1.25
6.00
12.00
0.02
65.00
4.00
5.00
7.00
3.00
0.86
5.00
16.00
18.00
0.00
-8.00
3.14
66.00
6.13
0.43
-3.00
5.38
9.00
-29.00
9.00
36.00
68.00
71.50
0.44
8.00
8.20
17.00
-4.00
10.33
11.00
5.00
3.50
2.00
-7.00
8.00
-9.00
64.00
78.00
4.00
5.00
-9.00
8.00
3.00
5.80
-3.00
-5.00
10.00
76.00
-4.67
14.40
7.80
2.67
1.67
6.00
72.00
9.00
0.04
-9.00
5.00
36.00
18.00
-3.00
8.00
0.60
0.00
3.00
7.00
-5.92
0.43
7.00
67.00
0.38
2.00
3.00
5.00
3.00
0.25
6.20
0.06
77.00
7.00
6.33
11.00
5.00
1.50
0.02
2.00
-11.00
-6.00
81.00
7.00
0.00
-2.20
-2.00
6.56
12.00
7.00
0.22
63.00
0.25
1.00
5.67
5.00
15.00
1.00
1.00
1.29
11.50
1.60
4.67
7.00
1.60
-1.00
64.00
9.00
12.00
0.50
2.33
0.33
5.00
4.22
6.00
81.00
9.00
-2.00
-1.00
1.00
15.00
16.00
-8.40
10.00
-5.00
-6.00
3.00
2.00
81.00
1.50
16.00
0.75
72.80
10.00
2.00
0.75
6.14
-71.00
14.29
80.00
0.50
3.00
9.25
3.00
4.00
10.00
12.00
-1.71
72.00
4.00
1.00
1.50
9.00
4.00
10.00
5.00
0.75
-6.40
7.00
66.00
5.50
10.00
9.00
0.67
14.00
-3.00
1.38
4.00
65.00
78.00
0.08
9.00
1.00
68.00
9.00
6.00
3.00
21.00
-4.00
81.00
-0.50
15.00
13.00
0.67
64.00
14.25
8.00
0.00
2.81
1.00
4.00
-4.00
71.00
-5.14
3.00
1.00
8.00
10.00
-2.00
-6.00
1.75
7.00
9.00
7.09
-2.50
-1.00
10.00
-8.00
14.00
2.00
-8.00
5.78
1.00
0.00
6.00
77.00
0.67
74.00
11.00
-13.75
-3.00
3.78
10.00
5.00
5.00
11.00
10.00
0.43
62.00
-1.00
0.00
-7.00
0.12
19.14
0.67
4.14
7.67
1.00
72.00
14.00
9.33
10.29
6.00
2.00
1.03
8.17
-1.00
0.40
4.00
2.00
1.14
-6.00
0.00
14.00
8.00
18.00
3.00
79.00
8.50
8.00
7.00
-4.25
-1.00
1.50
4.50
3.00
65.00
1.00
14.40
74.00
-1.00
4.00
69.00
7.17
0.00
21.00
-8.00
-10.00
8.00
21.00
0.80
70.00
24.00
6.00
-8.50
-5.00
4.75
16.40
1.00
11.00
0.00
1.00
73.00
-1.73
1.00
13.00
75.00
5.33
3.00
74.00
8.00
-6.00
76.00
2.00
64.00
-2.00
1.00
8.50
8.43
1.33
4.50
4.00
14.00
9.00
8.00
12.00
84.00
-0.40
11.00
13.00
3.00
6.88
67.00
4.00
5.00
36.00
8.00
14.00
9.00
6.00
14.00
65.00
24.00
-5.33
1.00
1.78
7.00
9.00
75.00
1.50
5.00
8.00
11.00
7.00
81.00
7.00
13.67
16.00
6.00
3.00
-1.50
77.00
3.00
-8.00
20.00
6.00
0.60
2.00
-3.00
76.00
12.00
75.00
-8.00
-3.60
2.00
-1.89
19.00
0.09
9.00
2.67
1.00
-4.00
0.67
5.00
6.00
1.56
12.00
73.00
4.00
3.00
2.38
1.67
4.75
8.00
74.00
3.00
-3.00
7.25
6.40
1.00
9.00
5.00
0.40
74.00
7.00
18.00
76.00
0.00
4.33
65.00
7.00
1.00
78.00
73.00
1.78
10.00
67.00
15.00
69.00
72.00
8.00
1.00
10.00
6.25
-2.00
-4.00
8.00
15.00
8.00
4.00
66.00
-5.80
-5.00
10.00
-2.80
3.00
6.00
78.00
4.00
11.00
-1.50
2.25
0.77
5.80
1.00
0.50
-6.00
3.00
36.00
8.00
63.00
1.00
1.00
5.25
6.00
5.00
-4.00
5.00
66.00
7.00
9.00
8.00
71.00
1.50
9.00
-4.00
10.00
8.00
76.00
0.43
7.78
63.00
9.00
72.00
-0.11
2.67
3.00
2.00
-3.75
14.40
81.00
-7.88
68.00
3.00
2.14
-3.00
78.00
8.00
1.00
-3.00
-8.93
9.00
19.00
12.00
9.33
3.00
68.00
2.00
1.00
8.75
6.00
-2.00
8.00
75.00
14.25
10.00
14.00
2.00
6.00
-6.00
6.00
1.50
3.75
10.00
0.10
0.33
0.57
0.33
9.80
-2.00
0.00
1.17
8.00
1.40
1.50
63.00
2.00
0.67
76.00
78.00
2.00
63.00
2.00
78.00
58.00
-2.00
11.00
4.00
68.00
1.00
1.00
7.60
13.00
12.00
7.00
1.00
-5.50
7.00
4.25
14.00
78.00
8.00
12.00
5.00
-4.00
9.00
5.00
3.38
9.00
6.00
0.13
8.00
6.00
14.75
2.06
12.00
2.38
9.25
0.00
83.00
-1.00
13.00
0.63
0.38
3.00
-7.00
9.00
3.20
0.17
9.00
12.29
1.50
1.00
74.00
-10.00
1.00
6.00
0.17
0.00
78.00
1.40
-4.67
-5.00
7.00
2.50
-3.00
2.00
10.00
6.00
-2.13
2.00
4.00
1.50
2.00
5.00
-7.80
8.00
-1.00
12.71
24.00
6.00
23.00
1.00
12.00
3.00
10.00
5.00
9.00
3.00
12.00
14.00
70.00
-2.00
20.00
36.00
6.00
5.29
-6.00
3.35
4.00
12.00
-2.00
4.63
57.00
-11.67
7.00
8.00
7.00
6.40
1.67
71.00
71.00
8.25
4.00
0.20
1.00
18.00
8.00
0.21
9.00
69.00
10.44
1.00
15.00
9.00
0.38
5.50
1.00
8.00
80.00
13.00
-1.00
0.67
7.00
0.33
14.00
4.00
-4.00
10.00
17.00
-4.00
-6.00
9.00
71.75
3.50
24.00
15.00
83.00
9.00
66.00
73.00
0.78
18.00
1.00
-2.00
1.75
9.00
1.00
7.00
5.00
3.00
0.14
68.00
-5.00
5.04
0.50
8.25
8.00
0.67
21.00
9.00
1.00
7.00
4.00
4.00
3.00
14.00
69.00
9.00
28.00
66.00
7.33
18.00
0.00
-10.00
15.00
72.00
-10.00
36.00
0.33
72.50
71.25
-2.75
16.00
14.40
3.00
0.67
3.00
1.00
7.00
77.00
72.00
5.67
6.20
13.00
11.00
82.00
24.00
17.00
1.00
14.00
7.00
3.00
4.00
0.78
81.00
2.00
-7.00
17.67
0.63
1.00
2.00
15.17
6.00
65.00
13.00
10.00
12.50
8.00
-2.00
1.00
4.00
8.00
16.50
9.00
3.00
8.00
3.00
2.00
9.00
-5.00
4.40
8.00
-3.00
5.00
10.00
7.00
24.00
2.00
0.75
-1.00
16.00
0.22
1.00
-3.00
1.60
8.00
1.13
12.00
9.78
4.00
10.00
2.00
6.00
-3.00
4.00
4.63
-5.00
-5.83
73.00
4.00
9.00
2.50
11.75
1.00
-3.00
1.00
11.00
8.00
4.00
1.00
-4.00
6.00
-1.00
7.00
10.00
12.00
18.00
4.00
-3.00
75.00
9.00
6.33
-8.17
7.00
4.00
3.17
73.00
6.00
3.00
4.00
2.00
0.88
76.00
6.00
5.00
9.00
13.78
6.00
79.00
6.00
0.50
29.00
10.00
7.00
-1.00
8.33
67.00
17.00
27.00
1.29
8.00
6.00
5.00
4.00
1.00
14.40
3.88
9.00
6.00
-5.00
3.00
0.33
18.00
